pointX0 = [9,22,0,9,0,1,15,22,9,15,9,1,15,1,0]
pointY0 = [24,18,15,24,15,17,17,18,24,17,24,17,17,17,15]
pointZ0 = [5,0,1,5,1,19,15,0,5,15,5,19,15,19,1]
pointX1 = [20,23,23,20,16,23,17,16,20,17,20,23,17,23,23]
pointY1 = [9,0,0,9,5,0,1,5,9,1,9,0,1,0,0]
pointZ1 = [6,14,0,6,15,14,6,15,6,6,6,0,6,0,14]
pointX2 = [24,1,0,14,1,24,9,0,1,9,1,14,9,14,24]
pointY2 = [9,2,0,12,2,9,8,0,2,8,2,12,8,12,9]
pointZ2 = [24,14,0,24,14,24,5,0,14,5,14,24,5,24,24]
pointX3 = [24,4,15,9,24,15,9,15,4,9,4,24]
pointY3 = [24,7,0,2,24,0,2,0,7,2,7,24]
pointZ3 = [24,23,24,19,24,24,19,24,23,19,23,24]
