pointX0 = [7,1,24,24,24,1,24,1,7,19,24,24,19,24,7]
pointY0 = [24,21,0,6,0,21,6,21,24,10,0,6,10,6,24]
pointZ0 = [14,0,14,1,14,0,1,0,14,10,14,1,10,1,14]
pointX1 = [20,15,23,15,20,23,11,15,20,11,20,15,11,15,23]
pointY1 = [7,11,20,16,7,20,18,11,7,18,7,16,18,16,20]
pointZ1 = [23,0,13,21,23,13,0,0,23,0,23,21,0,21,13]
pointX2 = [24,11,0,9,0,11,9,11,24,15,0,9,15,9,24]
pointY2 = [24,0,7,8,7,0,8,0,24,22,7,8,22,8,24]
pointZ2 = [0,0,2,6,2,0,6,0,0,5,2,6,5,6,0]
pointX3 = [6,0,5,6,0,0,2,0,6,2,6,5,2,5,0]
pointY3 = [15,15,4,15,20,15,14,20,15,14,15,4,14,4,15]
pointZ3 = [17,24,16,17,15,24,9,15,17,9,17,16,9,16,24]
