pointX0 = [7,10,7,7,16,10,12,16,7,12,7,7,12,7,10]
pointY0 = [16,22,11,16,24,22,13,24,16,13,16,11,13,11,22]
pointZ0 = [16,4,1,16,20,4,9,20,16,9,16,1,9,1,4]
pointX1 = [22,7,24,22,24,7,22,24,24,18,24,24,18,24,7]
pointY1 = [11,0,24,11,23,0,11,24,23,21,23,24,21,24,0]
pointZ1 = [0,0,0,0,10,0,0,0,10,5,10,0,5,0,0]
pointX2 = [19,5,15,9,15,5,9,19,15,12,19,9,12,9,5]
pointY2 = [6,4,2,2,2,4,2,6,2,5,6,2,5,2,4]
pointZ2 = [10,18,23,18,23,18,18,10,23,11,10,18,11,18,18]
pointX3 = [19,23,21,19,23,23,19,21,23,23,23,21,23,21,23]
pointY3 = [3,0,0,3,11,0,3,0,11,0,11,0,0,0,0]
pointZ3 = [16,7,19,16,19,7,16,19,19,14,19,19,14,19,7]
