pointX0 = [5,2,3,5,3,0,3,5,0,1,0,3,1,3,2,0,3,0,0,0,1,3,5,3,3,2,5]
pointY0 = [8,0,7,8,7,9,6,8,9,3,9,7,3,7,0,5,6,9,5,9,3,4,8,6,4,0,8]
pointZ0 = [4,8,2,4,2,7,9,4,7,6,7,2,6,2,8,9,9,7,9,7,6,9,4,9,9,8,4]
pointX1 = [9,8,9,5,0,9,5,9,9,5,9,8,4,5,8,2,5,4,2,4,8,9,0]
pointY1 = [0,7,2,5,8,0,5,0,2,5,2,7,9,5,7,9,5,9,9,9,7,0,8]
pointZ1 = [0,0,1,1,0,0,1,0,1,1,1,0,0,1,0,0,1,0,0,0,0,0,0]
pointX2 = [1,5,8,1,5,1,1,1,0,4,0,1,4,1,8,4,8,0,2,0,8,1,1,0,1,0,2]
pointY2 = [4,7,5,3,7,4,3,4,0,3,0,4,3,4,5,3,5,0,0,0,5,0,3,0,0,0,0]
pointZ2 = [2,8,6,4,8,2,4,2,0,3,0,2,3,2,6,3,6,0,2,0,6,2,4,0,2,0,2]
pointX3 = [7,4,4,9,5,3,3,5,4,3,4,4,6,4,5,6,5,9,6,9,4,9,9,3]
pointY3 = [3,1,6,0,0,0,0,0,6,0,6,1,2,6,0,2,0,0,2,0,6,1,0,0]
pointZ3 = [4,0,8,6,7,1,1,7,8,1,8,0,8,8,7,8,7,6,8,6,8,4,6,1]
