pointX0 = [5,0,6,5,6,12,0,6,0,0,0,0,5,6,0,5,12,6,2,0,0,2,0,5,2,5,12,2,12,0]
pointY0 = [9,10,4,9,4,11,10,4,10,10,10,19,8,4,10,8,11,4,16,19,10,16,10,9,16,9,11,16,11,19]
pointZ0 = [19,14,14,19,14,19,9,14,14,9,14,4,8,14,9,8,19,14,10,4,14,10,14,19,10,19,19,10,19,4]
pointX1 = [0,3,0,0,0,1,0,6,3,12,15,0,12,0,3,12,3,6,12,6,15,8,1,0,8,0,15]
pointY1 = [7,8,3,7,3,15,7,19,8,14,19,3,14,3,8,14,8,19,14,19,19,18,15,3,18,3,19]
pointZ1 = [5,0,17,5,17,19,5,0,0,1,4,17,1,17,0,1,0,0,1,0,4,17,19,17,17,17,4]
pointX2 = [16,19,14,16,14,19,16,19,19,15,19,19,15,19,19,15,19,14,19,19,19,19,19,19,19,15]
pointY2 = [5,0,6,5,6,13,5,13,0,19,13,19,19,19,13,19,13,6,6,0,13,19,13,6,13,19]
pointZ2 = [8,11,14,8,14,0,8,0,11,19,19,10,19,10,0,19,0,14,19,11,0,10,19,19,19,19]
pointX3 = [15,14,19,7,14,15,9,15,19,9,0,0,9,0,7,9,7,15,9,0,0,9,0,9,19]
pointY3 = [8,0,0,0,0,8,8,8,0,8,2,1,8,1,0,8,0,8,0,1,2,0,2,8,0]
pointZ3 = [2,18,0,19,18,2,0,2,0,0,0,9,0,9,19,0,19,2,0,9,0,0,0,0,0]
